##FastQC	0.12.1
>>Basic Statistics	pass
#Measure	Value
Filename	HG002_R1_wgs_chr21.fastq.gz
File type	Conventional base calls
Encoding	Sanger / Illumina 1.9
Total Sequences	5375114
Total Bases	806.2 Mbp
Sequences flagged as poor quality	0
Sequence length	150
%GC	42
>>END_MODULE
>>Per base sequence quality	pass
#Base	Mean	Median	Lower Quartile	Upper Quartile	10th Percentile	90th Percentile
1	29.832362625239202	30.0	30.0	30.0	30.0	30.0
2	29.575155057176463	30.0	30.0	30.0	30.0	30.0
3	29.82041497166386	30.0	30.0	30.0	30.0	30.0
4	29.800326095409325	30.0	30.0	30.0	30.0	30.0
5	29.854084955221413	30.0	30.0	30.0	30.0	30.0
6	29.807865656430728	30.0	30.0	30.0	30.0	30.0
7	29.821174769502562	30.0	30.0	30.0	30.0	30.0
8	29.83005606950848	30.0	30.0	30.0	30.0	30.0
9	29.84943984443865	30.0	30.0	30.0	30.0	30.0
10-14	29.846391276538505	30.0	30.0	30.0	30.0	30.0
15-19	29.837894563724603	30.0	30.0	30.0	30.0	30.0
20-24	29.8055955650429	30.0	30.0	30.0	30.0	30.0
25-29	29.731801297609685	30.0	30.0	30.0	30.0	30.0
30-34	29.68316958486834	30.0	30.0	30.0	30.0	30.0
35-39	29.643427916133504	30.0	30.0	30.0	30.0	30.0
40-44	29.610131580465083	30.0	30.0	30.0	30.0	30.0
45-49	29.597550712412794	30.0	30.0	30.0	30.0	30.0
50-54	29.546715474313658	30.0	30.0	30.0	30.0	30.0
55-59	29.489408410686735	30.0	30.0	30.0	30.0	30.0
60-64	29.43767499628845	30.0	30.0	30.0	30.0	30.0
65-69	29.388859473492097	30.0	30.0	30.0	30.0	30.0
70-74	29.187467242555226	30.0	30.0	30.0	28.0	30.0
75-79	29.322913709365046	30.0	30.0	30.0	30.0	30.0
80-84	29.296296822727857	30.0	30.0	30.0	30.0	30.0
85-89	29.196283204412037	30.0	30.0	30.0	30.0	30.0
90-94	29.092562427513162	30.0	30.0	30.0	30.0	30.0
95-99	29.046274665058263	30.0	30.0	30.0	30.0	30.0
100-104	28.98910423109166	30.0	30.0	30.0	30.0	30.0
105-109	28.836512118626693	30.0	30.0	30.0	30.0	30.0
110-114	28.746264135049046	30.0	30.0	30.0	30.0	30.0
115-119	28.573507240962705	30.0	30.0	30.0	30.0	30.0
120-124	28.457519561445583	30.0	30.0	30.0	22.0	30.0
125-129	28.34810636574406	30.0	30.0	30.0	20.0	30.0
130-134	28.177343289835342	30.0	30.0	30.0	20.0	30.0
135-139	28.014460679345593	30.0	30.0	30.0	20.0	30.0
140-144	27.69561784177973	30.0	30.0	30.0	20.0	30.0
145-149	27.65080844796966	30.0	30.0	30.0	20.0	30.0
150	27.564105989193905	30.0	30.0	30.0	20.0	30.0
>>END_MODULE
>>Per sequence quality scores	pass
#Quality	Count
9	1.0
10	0.0
11	6.0
12	10.0
13	20.0
14	58.0
15	189.0
16	644.0
17	1522.0
18	3205.0
19	5787.0
20	9745.0
21	17267.0
22	29157.0
23	48002.0
24	76339.0
25	119341.0
26	185554.0
27	299536.0
28	545976.0
29	2206162.0
30	1826593.0
>>END_MODULE
>>Per base sequence content	pass
#Base	G	A	T	C
1	19.111269302274582	32.39168843605014	26.730593850413666	21.766448411261614
2	22.92338463858141	31.735161049832517	27.33525747403946	18.006196837546618
3	20.59199159289549	30.16106422511332	28.7430165622787	20.503927619712485
4	20.978468825174556	29.397460950402728	28.384461259126088	21.23960896529663
5	20.971331956866404	29.493551206541852	28.650871404773927	20.88424543181782
6	21.03840030183546	28.933786334578205	28.752432041441356	21.27538132214498
7	21.487004740736662	29.22246858392213	28.256033267387444	21.034493407953768
8	20.633137281385707	28.729256688147174	29.131165041210348	21.50644098925677
9	20.84183729004166	28.742911612126914	29.268731978418668	21.146519119412762
10-14	20.877665492215147	29.138977904207557	28.963554347814764	21.019802255762528
15-19	20.909215862219956	28.94791812865323	29.02594449107091	21.116921518055904
20-24	21.145818368310046	28.85199559876223	28.81157166390817	21.19061436901955
25-29	21.295530644541873	28.78891044593238	28.66901440445524	21.246544505070503
30-34	21.43592583734132	28.687505793853042	28.591815810197335	21.2847525586083
35-39	21.47974370898615	28.632242399021056	28.53055963807233	21.357454253920462
40-44	21.56234007709305	28.558416659916098	28.48814128097288	21.39110198201797
45-49	21.54608349068466	28.506794890601288	28.479745421666202	21.467376197047848
50-54	21.52452196361757	28.520187231265293	28.457247192861264	21.498043612255874
55-59	21.563898219785802	28.497172513425795	28.43649434456173	21.502434922226676
60-64	21.548834505657513	28.47741983457067	28.400500888672852	21.57324477109896
65-69	21.568378648178072	28.46436142931974	28.40211490816461	21.565145014337574
70-74	21.654089789192952	28.46672116915655	28.35271619992863	21.526472841721866
75-79	21.588486940062683	28.47902850100837	28.41068886140899	21.52179569751996
80-84	21.590686635026113	28.475191596461237	28.391834023992114	21.54228774452054
85-89	21.574615269062626	28.42103668983873	28.40365196753418	21.600696073564464
90-94	21.559038996571324	28.381540275613794	28.394750256748075	21.66467047106681
95-99	21.58345241708132	28.41279311458042	28.354931883004664	21.648822585333598
100-104	21.573921548401923	28.383999723742065	28.35647440096607	21.685604326889944
105-109	21.55799706239231	28.390740671279673	28.35174696564297	21.699515300685047
110-114	21.545669408131843	28.41763945923671	28.339691269051016	21.696999863580434
115-119	21.55894876268155	28.373554983306594	28.356162762608022	21.711333491403835
120-124	21.548583778573533	28.367105056444718	28.325247156591267	21.75906400839048
125-129	21.53849061987356	28.338208772903695	28.306888721871772	21.816411885350977
130-134	21.530988012805917	28.325191184011555	28.294772311108378	21.849048492074143
135-139	21.552375528037558	28.282689135143308	28.30469217292445	21.860243163894687
140-144	21.568341442086755	28.240605784347473	28.319577290529036	21.871475483036736
145-149	21.585970193261776	28.253586713207245	28.30478799728782	21.855655096243158
150	21.607285054066725	28.22396573665449	28.305419324110115	21.863329885168675
>>END_MODULE
>>Per sequence GC content	fail
#GC Content	Count
0	72.0
1	67.5
2	77.5
3	115.5
4	189.0
5	308.0
6	849.5
7	1809.5
8	2676.0
9	2775.5
10	2409.0
11	2438.0
12	2980.5
13	3865.0
14	4631.0
15	5675.0
16	6840.5
17	7996.5
18	9422.5
19	11562.5
20	15694.0
21	21877.0
22	29429.5
23	38969.0
24	49901.5
25	61743.0
26	74688.0
27	87551.0
28	100364.5
29	113226.5
30	125714.0
31	137300.5
32	148046.0
33	158379.5
34	168255.5
35	177301.0
36	183802.0
37	186231.5
38	184605.0
39	178986.0
40	171304.0
41	163834.5
42	156131.0
43	150399.0
44	148307.0
45	147736.5
46	146642.5
47	146669.5
48	145657.0
49	140259.5
50	135135.0
51	128225.5
52	118010.0
53	106244.5
54	95069.0
55	88628.0
56	84508.5
57	80911.0
58	76160.5
59	70249.0
60	63955.5
61	56960.5
62	50125.0
63	43683.5
64	38483.5
65	33932.5
66	29586.5
67	25758.0
68	22821.0
69	19985.0
70	16162.0
71	12751.5
72	10781.5
73	10152.0
74	10555.0
75	11526.0
76	11893.0
77	12341.5
78	12069.0
79	10160.5
80	9045.0
81	8570.5
82	7995.0
83	7239.0
84	6573.5
85	5576.5
86	4620.0
87	3900.5
88	2799.5
89	2056.5
90	1585.5
91	1118.5
92	706.5
93	402.0
94	232.0
95	95.5
96	28.5
97	10.5
98	3.5
99	1.5
100	0.0
>>END_MODULE
>>Per base N content	pass
#Base	N-Count
1	0.0608917317846654
2	0.056166250613475355
3	0.011385805026646876
4	0.025506435770478543
5	0.0
6	0.0
7	0.0
8	1.4883405263590687E-4
9	0.012185788059564877
10-14	1.7115916053129292E-4
15-19	1.4139235000411155E-4
20-24	0.001499503080306762
25-29	0.0023106486671724547
30-34	0.016442441964951815
35-39	0.0030064478632453187
40-44	0.00481106075145569
45-49	0.009614679800279585
50-54	0.0029208682829796728
55-59	0.003702247059318184
60-64	0.021309315486145966
65-69	0.006619394490981959
70-74	0.008111455868656926
75-79	0.0036352717356320256
80-84	0.0036724802487910022
85-89	0.0052054709909408435
90-94	0.0072593809173163585
95-99	0.0034455083185212444
100-104	0.007940296708125632
105-109	0.00744914433442714
110-114	0.009644446610806766
115-119	0.0055291850554239404
120-124	0.004881756926457746
125-129	0.005253842058047513
130-134	0.003002727011929421
135-139	0.0074714694423225255
140-144	0.004911523736984927
145-149	0.0046287390369767045
150	0.005097566302779811
>>END_MODULE
>>Sequence Length Distribution	pass
#Length	Count
150	5375114.0
>>END_MODULE
>>Sequence Duplication Levels	pass
#Total Deduplicated Percentage	83.97608654063885
#Duplication Level	Percentage of total
1	79.18364690730061
2	6.192478156378581
3	0.9492977370634627
4	0.6513941026981609
5	0.7455359456311134
6	0.8248647030070256
7	0.8837172831531706
8	0.9709289058439887
9	0.950306455831703
>10	8.573825741166173
>50	0.06293650351341198
>100	0.011067558412552483
>500	0.0
>1k	0.0
>5k	0.0
>10k+	0.0
>>END_MODULE
>>Overrepresented sequences	pass
>>END_MODULE
>>Adapter Content	pass
#Position	Illumina Universal Adapter	Illumina Small RNA 3' Adapter	Illumina Small RNA 5' Adapter	Nextera Transposase Sequence	PolyA	PolyG
1	0.005227796098836229	0.0	0.0	1.8604256579488362E-5	0.049208258652746716	3.348766184307905E-4
2	0.005246400355415718	1.8604256579488362E-5	0.0	1.8604256579488362E-5	0.06922643873227619	7.069617500205577E-4
3	0.005246400355415718	3.7208513158976724E-5	0.0	1.8604256579488362E-5	0.08548655898274901	7.441702631795344E-4
4	0.005246400355415718	3.7208513158976724E-5	0.0	3.7208513158976724E-5	0.10280712185825268	8.74400059235953E-4
5	0.005246400355415718	3.7208513158976724E-5	0.0	3.7208513158976724E-5	0.1187695740034537	0.0010418383684513482
6	0.005246400355415718	5.581276973846508E-5	0.0	5.581276973846508E-5	0.1324995153591161	0.001283693703984697
7	0.0052650046119952065	5.581276973846508E-5	0.0	7.441702631795345E-5	0.14693641846479907	0.0014511320132000922
8	0.005283608868574694	5.581276973846508E-5	0.0	7.441702631795345E-5	0.15882453841909214	0.001804612888210371
9	0.005283608868574694	5.581276973846508E-5	0.0	9.30212828974418E-5	0.17231262443922118	0.0021022809934821847
10-11	0.005283608868574694	5.581276973846508E-5	0.0	1.395319243461627E-4	0.191772676821366	0.0024092512270437426
12-13	0.005292910996864439	5.581276973846508E-5	0.0	1.860425657948836E-4	0.21576286568061626	0.003134817233643789
14-15	0.005302213125154183	6.511489802820926E-5	0.0	2.6045959211283705E-4	0.23999490987539984	0.0036371321612899744
16-17	0.005302213125154183	7.441702631795345E-5	0.0	3.162723618513021E-4	0.2593805452312267	0.004390604552759253
18-19	0.005320817381733671	7.441702631795345E-5	0.0	3.2557449014104626E-4	0.27707319323832014	0.0051161705593593
20-21	0.005441745049500346	7.441702631795345E-5	0.0	3.441787467205347E-4	0.2948867689131803	0.005878945079118322
22-23	0.005497557819238811	7.441702631795345E-5	0.0	3.906893881692556E-4	0.31171431898932744	0.006567302572559391
24-25	0.005776621667931136	7.441702631795345E-5	0.0	3.9999151645899974E-4	0.326458192328572	0.007134732398233786
26-27	0.00607428977320295	7.441702631795345E-5	0.0	4.1859577303848816E-4	0.34095090820399343	0.007823089891674856
28-29	0.006306842980446554	7.441702631795345E-5	0.0	4.372000296179765E-4	0.35752730081631756	0.008678885694331319
30-31	0.006641719598877344	7.441702631795345E-5	0.0	5.1161705593593E-4	0.37178746348449543	0.009237013391715971
32-33	0.006967294089018391	7.441702631795345E-5	0.0	5.581276973846508E-4	0.38743364326784513	0.009934673013446785
34-35	0.007404494118636367	7.441702631795345E-5	0.0	6.046383388333717E-4	0.4018984527583973	0.010511404967410924
36-37	0.0078323920199646	7.441702631795345E-5	0.0	6.604511085718368E-4	0.41617721968315463	0.01110674117795455
38-39	0.008381217589059506	9.30212828974418E-5	0.0	7.25566006600046E-4	0.4301769227592196	0.011683473131918691
40-41	0.009069575082500576	9.30212828974418E-5	0.0	8.371915460769763E-4	0.4448649833287257	0.012316017855621295
42-43	0.009711421934492924	1.0232341118718597E-4	0.0	8.74400059235953E-4	0.4601762864936446	0.013246230684595713
44-45	0.010288153888457063	1.1162553947693016E-4	0.0	9.488170855539064E-4	0.47612943651055584	0.0140648179740932
46-47	0.011153251819403274	1.1162553947693016E-4	0.0	9.86025598712883E-4	0.491468646060344	0.01502293718793685
48-49	0.012222996572723853	1.1162553947693016E-4	0.0	0.0010046298552923714	0.5054032342383807	0.015627575526770222
50-51	0.013320647710913666	1.1162553947693016E-4	0.0	0.0010325362401616038	0.5200354820381483	0.016408954303108736
52-53	0.014678758441216317	1.1162553947693016E-4	0.0	0.0010604426250308365	0.5366955938050803	0.017348469260372895
54-55	0.016036869171518968	1.1162553947693016E-4	0.0	0.0011162553947693017	0.5504069309041631	0.018297286345926804
56-57	0.017478699056429313	1.1162553947693016E-4	0.0	0.0011627660362180225	0.565029876575641	0.019264707688060198
58-59	0.0191809885334525	1.1162553947693016E-4	0.0	0.0012092766776667435	0.5783412221582649	0.02058560990520387
60-61	0.020687933316391058	1.1162553947693016E-4	0.0	0.0012464851908257201	0.5923688316191991	0.02164605253023471
62-63	0.02236231640854501	1.1162553947693016E-4	0.0	0.0012650894474052084	0.6052708835570744	0.0226971930269758
64-65	0.024176231425045124	1.1162553947693016E-4	0.0	0.001283693703984697	0.6193636079160367	0.023599499471080983
66-67	0.026120376237601658	1.1162553947693016E-4	0.0	0.001339506473723162	0.6338656259197479	0.024380878247419496
68-69	0.028222657231083845	1.2092766776667434E-4	0.0	0.0014046213717513712	0.6490653035451899	0.025618061309955475
70-71	0.030324938224566028	1.488340526359069E-4	0.0	0.0014325277566206037	0.6645812535324832	0.02694826565538889
72-73	0.032529542629235395	1.488340526359069E-4	0.0	0.0014697362697795805	0.6788600204572406	0.028259865744242822
74-75	0.035255066218130446	1.488340526359069E-4	0.0	0.0014883405263590688	0.6938457491320185	0.029580767961386492
76-77	0.03762710893201521	1.488340526359069E-4	0.0	0.0015069447829385572	0.7096872736094528	0.03081795102392247
78-79	0.04014798569853588	1.488340526359069E-4	0.0	0.001544153296097534	0.7238358107381537	0.03226908303712256
80-81	0.04277118587624374	1.488340526359069E-4	0.0	0.0016278724507052316	0.7377890031727699	0.0336457980240047
82-83	0.04552461585000802	1.488340526359069E-4	0.0	0.0016929873487334407	0.7529328680284735	0.0350783257806253
84-85	0.04838036923495948	1.488340526359069E-4	0.0	0.0017115916053129293	0.768765090377618	0.03666898971817156
86-87	0.05156169711005199	1.488340526359069E-4	0.0	0.0017208937336026734	0.7838531424635831	0.03788756852412804
88-89	0.05438954411013422	1.488340526359069E-4	0.0	0.001748800118471906	0.7978993561810968	0.03910614733008454
90-91	0.057645289011544684	1.5813618092565105E-4	0.0	0.0017674043750513942	0.8126339273920515	0.040371236777489744
92-93	0.06128242117283466	1.6743830921539524E-4	0.0	0.0017767065033411384	0.8277033752214371	0.041803764534110346
94-95	0.06484513630780668	1.6743830921539524E-4	0.0	0.001795310759920627	0.8431076996692535	0.0434781476262643
96-97	0.06824971526185306	1.7674043750513942E-4	0.0	0.0018325192730796035	0.858288773038116	0.04492927963946439
98-99	0.07229614106789177	1.860425657948836E-4	0.0	0.0018697277862385802	0.8727535825286683	0.04660366273161834
100-101	0.07706813288053053	1.860425657948836E-4	0.0	0.0018790299145283243	0.8888183580850564	0.04799898197507997
102-103	0.0818401246931693	1.860425657948836E-4	0.0	0.0018976341711078129	0.9041017548651061	0.04945941611656981
104-105	0.08642607394001317	1.860425657948836E-4	0.0	0.0018976341711078129	0.917450308960889	0.05100356941266734
106-107	0.09106783595659552	1.860425657948836E-4	0.0	0.0018976341711078129	0.9320453482474976	0.0525105141956059
108-109	0.09679794698307793	1.860425657948836E-4	0.0	0.0018976341711078129	0.9473194428992575	0.05425931431407781
110-111	0.10332804104247836	1.860425657948836E-4	0.0	0.001906936299397557	0.9619702949556046	0.055794165481885594
112-113	0.10959767550976593	1.860425657948836E-4	0.0	0.0019441448125565336	0.9777281002784313	0.05758017411351648
114-115	0.11528127589479963	1.860425657948836E-4	0.0	0.001999957582294999	0.9930021949301913	0.059794080646475595
116-117	0.12100208479299229	1.860425657948836E-4	0.0	0.0020371660954539754	1.0082018725556332	0.062305655284706524
118-119	0.12747636608265422	1.860425657948836E-4	0.0	0.002065072480323208	1.0247038481416393	0.06486374056438618
120-121	0.13510411128024447	1.860425657948836E-4	0.0	0.0021022809934821847	1.0397453895861557	0.06716136625195299
122-123	0.14315975437916295	1.860425657948836E-4	0.0	0.0021394895066411614	1.055549705550431	0.06962643024873519
124-125	0.15146655494190447	1.860425657948836E-4	0.0	0.0022046044046693707	1.0712889066166782	0.07220311978499433
126-127	0.15977335550464605	1.860425657948836E-4	0.0	0.002213906532959115	1.089000158880351	0.07449144334427141
128-129	0.16935454764308255	1.860425657948836E-4	0.0	0.0022418129178283473	1.1061253770617703	0.07656581795288435
130-131	0.1793636376828473	1.860425657948836E-4	0.0	0.0022883235592770683	1.1231017611905534	0.07906809046282554
132-133	0.18980062562394026	1.860425657948836E-4	0.0	0.002353438457305277	1.14177113266807	0.08121688209775643
134-135	0.2009910859565025	1.860425657948836E-4	0.0	0.0023906469704642547	1.1586917040271145	0.08353311204190274
136-137	0.21294432080882378	1.860425657948836E-4	0.0	0.0024557618684924636	1.1760866839289363	0.08628654201566702
138-139	0.22533475569076303	1.860425657948836E-4	0.0	0.002530178894810417	1.1942723447353862	0.08949577627562877
>>END_MODULE
